1
12
24
31
41
83
98
108
119
134
143
146
152
174
190
191
207
213
216
230
245
249
272
276
280
281
281
284
286
287
293
302
312
317
318
337
338
339
339
363
389
393
394
418
432
444
451
451
472
480
499
509
513
526
535
536
547
548
548
551
561
567
573
583
590
591
603
608
609
621
631
650
650
651
651
658
669
685
685
688
713
719
730
731
733
734
737
746
760
769
777
783
804
824
831
843
847
856
857
876
879
919
920
942
949
960
972
978
987
1000
1005
1011
1016
1023
1035
1046
1061
1066
1069
1090
1100
1105
1106
1108
1116
1116
1125
1132
1171
1174
1189
1193
1200
1206
1216
1217
1218
1220
1220
1234
1237
1240
1244
1249
1266
1277
1287
1298
1311
1318
1320
1323
1332
1335
1342
1352
1354
1359
1360
1362
1370
1375
1380
1382
1390
1402
1427
1437
1455
1469
1478
1486
1500
1503
1505
1509
1510
1512
1536
1556
1588
1592
1617
1631
1652
1664
1673
1675
1680
1689
1692
1695
1696
1700
1713
1719
1720
1726
1750
1761
1765
1793
1802
1808
1809
1812
1819
1821
1824
1825
1843
1846
1847
1864
1866
1877
1886
1901
1902
1925
1926
1936
1968
1988
2003
2017
2018
2019
2030
2042
2044
2060
2063
2069
2074
2083
2098
2105
2112
2129
2137
2152
2171
2177
2178
2186
2188
2188
2212
2236
2238
2257
2273
2277
2279
2284
2322
2326
2327
2330
2356
2358
2375
2380
2389
2420
2424
2430
2443
2456
2462
2477
2488
2510
2516
2538
2559
2563
2575
2578
2596
2602
2613
2615
2619
2623
2627
2639
2648
2678
2692
2721
2721
2733
2739
2740
2741
2744
2757
2776
2783
2805
2819
2833
2865
2882
2891
2907
2938
2942
2947
2950
2965
2969
2970
2977
2977
2987
2996
3011
3012
3028
3032
3034
3048
3048
3059
3071
3095
3102
3145
3146
3154
3161
3180
3200
3222
3235
3236
3244
3245
3246
3249
3258
3265
3277
3292
3298
3300
3323
3331
3333
3340
3341
3354
3362
3371
3376
3388
3392
3415
3418
3421
3428
3439
3463
3464
3469
3478
3493
3531
3536
3539
3555
3569
3574
3583
3588
3593
3594
3605
3605
3606
3622
3623
3624
3646
3676
3677
3679
3686
3695
3702
3703
3718
3718
3721
3721
3724
3727
3731
3735
3738
3747
3761
3772
3773
3793
3798
3814
3816
3828
3833
3843
3853
3856
3856
3863
3878
3882
3889
3903
3925
3938
3938
3953
3966
3971
3974
3979
3985
3990
4001
4008
4040
4048
4050
4126
4133
4133
4152
4156
4161
4162
4166
4181
4188
4188
4208
4208
4209
4215
4236
4236
4239
4243
4277
4285
4297
4300
4309
4312
4327
4335
4349
4360
4363
4370
4371
4383
4391
4391
4396
4403
4461
4462
4483
4486
4492
4516
4561
4571
4583
4588
4589
4601
4602
4637
4654
4655
4656
4673
4678
4698
4746
4761
4765
4776
4814
4814
4821
4822
4829
4900
4913
4919
4924
4925
4939
4948
4952
4953
4956
4979
4983
5003
5004
5031
5051
5056
5059
5090
5100
5147
5194
5211
5244
5291
5306
5332
5356
5358
5389
5400
5400
5403
5440
5447
5447
5453
5454
5459
5465
5470
5474
5478
5479
5484
5492
5514
5523
5523
5530
5535
5543
5551
5551
5557
5575
5587
5594
5604
5606
5616
5622
5623
5628
5639
5667
5673
5697
5702
5714
5719
5736
5745
5748
5754
5756
5760
5766
5773
5777
5790
5793
5796
5804
5811
5821
5846
5862
5863
5876
5896
5905
5922
5956
5962
5962
5972
5980
5983
5986
5996
5998
6007
6012
6042
6044
6056
6079
6081
6110
6112
6117
6123
6124
6127
6169
6193
6195
6196
6209
6213
6218
6242
6245
6268
6293
6299
6318
6319
6319
6334
6373
6386
6389
6390
6403
6407
6407
6459
6471
6473
6519
6542
6542
6567
6581
6591
6591
6605
6611
6624
6639
6653
6680
6680
6693
6720
6721
6727
6734
6735
6743
6745
6763
6764
6774
6777
6783
6785
6806
6806
6815
6817
6819
6819
6827
6835
6840
6841
6844
6847
6853
6862
6868
6876
6931
6941
6945
6971
6972
6973
6979
6996
7019
7026
7039
7039
7052
7068
7068
7074
7079
7098
7106
7108
7110
7122
7132
7154
7157
7166
7192
7197
7221
7234
7239
7244
7255
7258
7270
7273
7287
7308
7315
7322
7323
7323
7331
7338
7341
7358
7359
7359
7363
7366
7369
7380
7399
7402
7404
7413
7417
7418
7420
7424
7428
7429
7429
7505
7508
7510
7529
7549
7552
7555
7559
7575
7578
7582
7606
7609
7612
7618
7619
7632
7662
7662
7690
7690
7707
7710
7720
7721
7722
7744
7752
7755
7777
7778
7779
7788
7789
7813
7825
7829
7832
7857
7858
7862
7865
7873
7897
7911
7913
7946
7975
7987
8005
8007
8016
8034
8044
8046
8048
8058
8063
8064
8064
8068
8074
8083
8095
8112
8119
8122
8132
8135
8135
8159
8166
8183
8239
8240
8245
8246
8256
8263
8286
8309
8324
8331
8338
8349
8357
8362
8365
8366
8374
8383
8394
8403
8411
8414
8417
8426
8432
8436
8464
8467
8479
8482
8498
8507
8516
8516
8529
8529
8531
8542
8565
8566
8578
8584
8584
8590
8596
8600
8600
8606
8632
8672
8694
8700
8705
8705
8707
8717
8718
8722
8730
8738
8749
8789
8803
8806
8820
8841
8844
8857
8862
8889
8892
8892
8902
8903
8907
8927
8938
8947
8948
8951
8953
8964
8986
8989
9003
9013
9023
9051
9055
9055
9063
9071
9077
9081
9082
9107
9107
9110
9128
9146
9161
9174
9176
9182
9184
9190
9200
9203
9220
9223
9226
9246
9282
9298
9303
9309
9310
9314
9333
9341
9342
9346
9362
9362
9364
9365
9371
9392
9403
9406
9413
9441
9461
9470
9471
9477
9486
9498
9503
9512
9516
9527
9529
9535
9562
9579
9583
9615
9624
9647
9651
9653
9664
9668
9681
9682
9696
9717
9751
9802
9811
9846
9868
9871
9884
9894
9896
9898
9899
9900
9923
9945
9963
9991
9992
9994