6770
9630
5251
3392
4412
2819
8465
7887
4221
8221
1763
7296
4799
4078
6181
115
8085
2823
8130
1431
9419
2483
6022
2339
5765
9150
2951
6146
3215
6667
261
4495
9585
4056
6782
7091
4901
5632
6556
9900
1128
9609
6594
8188
2512
6604
5472
1933
2597
3643
7280
4382
8653
8714
6265
627
5540
903
4678
8617
3163
9424
436
5665
947
2694
3433
258
1494
2421
6536
4097
384
2970
2825
9595
3914
4321
7368
6322
3355
9789
9586
2165
8220
4068
3494
5620
5791
9278
5227
666
8111
32
5405
7893
276
2720
353
1197
5531
5133
1228
9991
8298
8108
5897
3166
2848
4586
7691
1705
4654
2634
2362
5176
8115
6826
550
932
1963
9600
2428
9454
8721
7450
4581
6873
2916
7253
8726
3542
2829
9673
9556
2249
5755
6728
669
8261
3176
1495
4655
4900
1417
5
1030
4516
4236
9032
8072
4088
2728
5510
8295
1215
9641
831
809
6313
5757
5927
4930
5396
1765
6184
6938
9198
2932
5291
762
2986
9172
1340
9955
5739
3888
9725
6465
7841
1223
9797
2554
8674
8193
263
2427
2727
6331
6981
530
2731
2772
8602
9067
6443
8801
3774
9220
451
7945
5524
2740
6064
4531
1885
1553
892
9242
5411
3108
7660
1863
4029
3506
3064
1900
371
2917
2726
2258
8648
9291
189
4131
3088
9651
8665
6400
4629
5047
9931
9018
3638
8550
2644
6968
4251
9619
5512
130
2947
7163
4531
4967
8641
4775
7298
3729
7288
4985
6595
8043
4310
1247
9337
7857
8856
7628
5917
9146
19
5443
280
3612
703
9976
4748
6359
2188
9904
4146
6076
1934
8352
9695
9150
1131
2633
7569
2342
7189
6505
3332
902
6012
8284
1994
6642
3339
8291
113
2472
997
2025
6686
8777
2717
5513
2517
5316
3146
306
9906
1433
2462
265
9942
1836
2053
2026
3357
8406
9908
1427
8801
3831
2568
7119
4349
8544
1363
5891
443
4982
1443
1674
8167
8377
6083
7588
307
1479
274
5184
3099
6293
9402
3510
5854
79
7490
372
8300
498
9274
3757
6543
9442
7471
5974
6641
816
4006
2557
1549
559
2880
9688
9847
8978
1577
5584
4244
9592
8868
577
3036
2230
8118
8787
3712
4695
7511
8784
3373
1130
420
1386
7686
3050
2059
4576
9264
7865
7668
3168
4516
507
5451
1836
8383
4544
2570
3020
5245
8757
7505
9602
4907
1943
8728
1890
2434
8114
2118
694
6830
2825
3538
1655
2908
4983
2361
634
926
8986
7100
5243
752
5451
1664
6630
225
1312
7520
6245
9848
6853
7532
928
5580
446
9872
4808
5821
480
696
670
1330
6789
7632
5127
5594
2308
8163
6468
8140
3938
8629
2997
759
9173
8793
2502
9262
4479
8654
7469
8062
9846
5747
6128
4535
3955
7214
3379
5587
2518
8442
8870
9934
4789
4005
2090
6435
2663
8253
6890
2626
2723
8706
7728
3475
6108
5312
9325
8611
5223
2592
5541
2287
8996
3632
4568
3089
4788
4703
7142
4426
5517
5982
3870
213
7431
4231
3327
4549
549
1284
1728
7208
1410
4274
2798
280
5516
6699
3663
2559
9973
4644
3444
6412
6137
5260
2833
9461
5642
2675
1227
5069
9287
4907
1805
4309
9814
5073
3564
6912
9898
9063
8544
2603
708
7709
1384
2000
199
5200
4063
1310
4015
9506
1588
2339
4182
992
4955
7006
6197
4925
1030
9811
8973
6234
9499
9061
9960
7221
3618
888
9620
5297
2511
3857
9693
8056
4200
4357
34
2589
6075
5924
6749
9027
309
1650
1701
9224
7014
5941
602
1502
5599
461
3664
4862
4678
2681
7616
8120
3952
1197
308
2898
7004
9974
5483
5687
975
8842
2901
4323
38
2478
1572
7684
2021
1713
5655
4103
8762
6843
1425
153
2594
5132
3123
225
34
8446
5652
1309
3547
2449
1875
592
8537
2505
8226
993
5683
6456
2742
7985
9258
438
6033
1221
1001
692
7634
7683
8253
746
5369
7350
3616
5563
8300
4273
2583
8567
1831
4365
8087
755
4086
8852
5477
3044
1753
2512
3773
6586
9957
8767
9487
4492
3526
1458
434
7618
8587
9532
9717
5768
4282
6063
883
8654
9362
6241
1067
7667
4062
3598
7807
1011
1117
7981
2029
2717
7832
4457
1890
9995
1633
3822
3276
4750
226
5905
3278
8656
7689
3505
6755
5510
2496
2833
5846
7890
9595
9027
1810
7651
7583
7985
5845
8262
9343
9766
9790
2894
1551
8804
9901
1589
2281
6792
4498
4972
5675
7131
3259
5297
7948
5308
9642
9558
9541
1294
7334
747
1775
9310
3413
2812
6929
6309
3396
9767
8828
6989
7679
8472
5141
2293
9172
5897
3903
641
879
182
4109
2975
3509
5308
8015
1998
2376
2257
2097
9113
702
4656
8981
6629
9245
2028
9755
3032
3224
8132
7431
3816
1045
284
7788
4435
3834
9988
9802
7714
4747
5890
4845
271
9472
606
2310
5804
3107
2588
5137
7245
6906
890
8767
2689
954
573
3854
8243
2470
4472
274
511
2839
5840
711
5477
4530
9314
5317
8611
4332
351
968
2449
3296
5875
6459
5127
7192
6203
5097
692
4212
1766
1555
6675
6341
2744
4809
3078
4595
8690
4502
6437
6619
5712
9660
3336
1852
5100
8326
6479
3518
7698
7855
404
8515
8429
7773
4670
8388
7995
2892
1828
3233
7687
9786
3509
7667
8988
8606
6276
2081
6984
5424
1002
4545
1748
9591
6880
3519
1684
358
9978
8281
8261
7070
345
8699
769
47
7116
935
3080
3786
1591
578
5281
9304
8035
2292
4382
4826
7980
8596
281
3334
5375
6709
98
4819
7555
8046
781
3311
8045
4342
6563
2079
8247
8159
5822
4984
4946
7094
4849
9525
5709
3915
1707
9467
4125
7178
3892
6331
3722
1991
4892
7221
2057
7191
9906
2534
3761
8956
1096
9842
4391
2274
8653
804
2219
9257
7380
6299
3912
1772
1190
9797
6763
7467
3048
542
1873
3422
4677
8713
3542
9636
4058
2398
3806
7703
453
2547
4209
3058
5203
2196
3394
7315
6142